0 4615
1 4616
2 4617
3 4623
4 4625
5 4627
6 4633
7 4636
8 4637
9 4638
10 4640
11 4642
12 4644
13 4649
14 4651
15 4652
16 4654
17 4658
18 4662
19 4663
20 4669
21 4674
22 4677
23 4678
24 4680
25 4683
26 4684
27 4686
28 4694
29 4695
30 4698
31 4704
32 4705
33 4706
34 4707
35 4708
36 4709
37 4715
38 4717
39 4719
40 4720
41 4724
42 4726
43 4730
44 4731
45 4732
46 4734
47 4737
48 4738
49 4739
50 4740
51 4741
52 4743
53 4747
54 4749
55 4753
56 4755
57 4756
58 4758
59 4763
60 4767
61 4772
62 4773
63 4774
64 4776
65 4777
66 4780
67 4784
68 4788
69 4790
70 4792
71 4793
72 4795
73 4797
74 4798
75 4800
76 4801
77 4804
78 4807
79 4808
80 4809
81 4810
82 4811
83 4812
84 4813
85 4815
86 4820
87 4824
88 4828
89 4835
90 4836
91 4840
92 4842
93 4848
94 4849
95 4850
96 4852
97 4853
98 4857
99 4858
